1 1.109828428411654
2 1.3623193720108708
3 1.5370194295114743
4 0.1493668877216265
5 0.11702009569918263
6 0.9353454828203925
7 1.0981363342631711
8 0.46548013160960894
9 3.3320615308555284
10 1.5233240707341693
11 0.06015116940525842
12 2.0142957963895385
13 1.4387265484239153
14 1.562973019041681
15 0.4027382233211856
16 2.581760736078154
17 0.7915363633338721
18 0.9849961475135414
19 0.2111173698474026
20 0.5554460581674752
21 1.3855694336093007
22 1.3966244367705096
23 0.28157758055725857
24 1.1614207403715637
25 0.07237609134694002
26 2.9858335519410746
27 2.2325922270358047
28 2.5819912016354163
29 0.07935238687822518
30 2.237007267261883
31 1.297917233623585
32 2.6144964271693745
33 1.23845952554075
34 2.7903844397438418
35 1.2528975037860888
36 0.8264317579981914
37 0.8061884488400352
38 0.7698731299893148
39 0.7181161691840248
40 0.030079882624539304
41 1.1740025106808685
42 0.9114125482250556
43 0.348483625912727
44 1.3153068881632237
45 0.2159042914042163
46 0.37878588729186835
47 0.520688005877615
48 3.1999517912200557
49 2.761731054154497
50 0.5760064940429057
51 2.657445218152112
52 0.31378905852059746
53 2.4113617959028297
54 1.2776674306165472
55 1.3571152102694746
56 3.6368893864766507
57 2.177674043655738
58 0.12904890559664095
59 1.5199157805709542
60 2.576209196976511
61 1.5610739002092107
62 2.3427122192003136
63 3.018805552894267
64 1.2987649253240168
65 0.8028751715235257
66 0.8486780746814336
67 0.7160348023153496
68 1.5932823439314037
69 0.5564766586328153
70 1.5680169516806532
71 0.4690986488430798
72 0.8933639425425639
73 1.8171844714006369
74 0.2541180367980334
75 0.981784069873316
76 0.5967543751325518
77 0.5928574652953689
78 0.6419026851686772
79 1.4840894081590714
80 2.6795798543779417
81 1.0755417354268177
82 0.5734984764424559
83 0.6043175367011441
84 0.8095939557729953
85 1.9204324605915082
86 1.6778602950057278
87 0.9269479089639243
88 0.379092960818701
89 0.21260208088046023
90 0.7418114934658753
91 0.09756444914102862
92 0.4610875498212304
93 0.679192297062874
94 1.7647558896548345
95 1.2535156087649566
96 1.8613667880159466
97 1.7757226145449263
98 2.9515767402756024
99 2.155912463359317
100 1.901189042757852
101 1.943528026127043
102 0.5482262845455912
103 0.9189425213191021
104 2.8342650628849415
105 1.901353266767321
106 0.3519263047738327
107 0.7788740364711582
108 1.458968280767411
109 1.9600013407028245
110 1.6715254373176403
111 0.8786112112554592
112 1.6035082674551695
113 0.20740673137346838
114 2.582380255035291
115 0.9443553131994724
116 1.4645241049952533
117 2.331904139993997
118 2.1458705128370585
119 0.831960754929061
120 0.17755749750000455
121 1.6146743144271567
122 0.4911713954285763
123 0.536973875755018
124 0.5798905129937407
125 1.7936120955589872
126 1.2514439368851265
127 1.9611147689567154
128 1.6797261875360874
129 0.026613922043009115
130 0.09310351453695659
131 1.884987857436151
132 0.31396593746440504
133 0.729062650623166
134 0.574319936091615
135 1.1094791064050833
136 2.268990594382124
137 3.406676133534474
138 1.4972654878610916
139 4.7576122990846
140 2.810288362311163
141 3.9181002932133575
142 2.446749350710101
143 0.6274511061607968
144 0.403567067655367
145 1.6744773558717587
146 2.945570646322807
147 0.7716833067405992
148 1.2377521604907307
149 0.08353650994773466
150 1.312212692512871
151 0.2550827985890282
152 0.10375875263762048
153 0.7644459851060654
154 1.6571896232026027
155 1.4989361545550577
156 1.635843785763654
157 2.9709981059497474
158 2.512145453986881
159 0.7012729755919037
160 0.7226325078985009
161 0.08305462359583454
162 0.22796446934059456
163 2.9039673602806704
164 1.6039604767314093
165 1.3991832262784332
166 1.9834991094735104
167 0.32391669092880543
168 1.8717649980142612
169 1.880862814900075
170 0.0527728078714396
171 0.16472595732765075
172 4.759821788138523
173 1.512537083923522
174 0.6259413745268363
175 0.6659315414461889
176 1.9136827250370243
177 0.5815891269494109
178 0.7873081330094794
179 0.09409681693191935
180 1.8997358793002195
181 3.7651405960013107
182 0.2533256876252968
183 1.4020885093338644
184 1.5930805090629743
185 1.2533083417088853
186 0.7351539555517383
187 0.7239658070049848
188 0.29573140281389687
189 0.12324977618940747
190 1.6286515837730415
191 1.729025605859638
192 2.5829879409741308
193 0.8873125825437275
194 1.4589290152437602
195 1.3933929312923268
196 1.7072329535231026
197 1.3893291434821624
198 0.48888398953485107
199 1.4167780356370192
200 2.399358270205119
201 2.987762810037511
202 2.111674248030299
203 1.1170938641593031
204 1.9573656359766765
205 0.12204786406095135
206 0.15862025508987615
207 2.6112887664613735
208 0.9612906946699622
209 0.6745324943018203
210 2.9226230057448794
211 1.7489904322130951
212 0.8212022899503032
213 0.8082357065828546
214 1.9479441779864124
215 2.2662818436210195
216 0.061009537935927775
217 2.423340813784587
218 0.828543609231242
219 1.9370975964845347
220 0.7343576261037721
221 0.7812840386372893
222 0.46509799947276004
223 1.457795812228904
224 1.4944831712020203
225 1.8939291544851335
226 1.2340106642067905
227 1.0626567564322371
228 1.1200883185369086
229 1.9328302149112113
230 0.7756515288758442
231 1.0578487352009684
232 0.5848544435472851
233 1.2300501491856637
234 0.18093150016829548
235 1.8972951995647571
236 1.2413794659095765
237 1.6586318215725653
238 1.8390702832943
239 0.4079329006782654
240 2.323955852631718
241 1.1558609890334894
242 1.0966009379450095
243 1.346916478758145
244 0.24909446935464066
245 1.027816654484865
246 0.5901295869666624
247 0.5906529275942054
248 1.1109955211941382
249 0.21977077695666244
250 2.7470221068423384
251 0.6077093706870831
252 0.804759756983392
253 0.8594671795414621
254 2.470508119342632
255 0.8225071900818893
256 0.08016261928215968
257 1.683683028571648
258 1.90388618682789
259 0.8511737750419404
260 0.7999058664143539
261 1.363799934085062
262 2.7476855138331
263 1.8320846817569685
264 1.6094592790463271
265 0.6605974649044648
266 0.9429413126220222
267 1.7547452369016443
268 1.4998274619803897
269 1.8337459216504355
270 1.1297922924369403
271 0.5745200972774867
272 1.708556083390173
273 1.8519904058353678
274 0.5504841373639816
275 2.6365801328277048
276 0.8487395058545079
277 2.2140013010435453
278 1.149115791939299
279 0.572467931901027
280 1.9824238892130113
281 0.4729193009975991
282 1.6363866522461747
283 1.2468254708232156
284 0.9556165779663073
285 0.7115591383401769
286 0.3581245706782926
287 0.8919492873404563
288 1.2069128934670827
289 2.6883480072208066
290 4.283601644266653
291 1.1046573095808232
292 1.3114253276358079
293 0.8710676212534922
294 1.0936751231438366
295 1.2366889560582313
296 1.6740609906975707
297 0.803235448708746
298 1.7300639987314435
299 0.16451048958008732
300 1.7372805755432204
301 1.9709130718644414
302 1.03101064999167
303 1.0931316840042389
304 2.648699024251927
305 0.5737241356949631
306 2.162777020604488
307 0.48690325129218515
308 1.3958818892483986
309 2.911219983601701
310 0.34900120084142594
311 0.3858795198222568
312 0.4848151320726383
313 1.6710485187987842
314 0.59316811688822
315 1.2186259449795118
316 0.536431886939949
317 0.9324031863438099
318 0.492709666279566
319 0.6525204697249081
320 1.545288762013172
321 2.2347081290595687
322 1.834620761800148
323 0.8740889506537444
324 3.44336146768828
325 0.6053083563365101
326 0.7486073270886778
327 0.2131281683458653
328 0.6574821089337616
329 1.167753384866396
330 2.1625008626399276
331 1.770456055446306
332 1.2007079960912583
333 1.3567461790556015
334 0.8815495191913153
335 0.18219553666140434
336 0.9243935736773219
337 2.4647548077131276
338 1.0564636244372179
339 1.7668564719331297
340 0.371302849504257
341 2.891559461689493
342 1.2366571830007325
343 0.6146511098815379
344 0.8665800380673173
345 0.8728095496889796
346 2.2473041074066185
347 2.08200123581157
348 0.7618851196715071
349 0.6848858786456342
350 1.9453452072261155
351 1.7709085850431985
352 0.11129177868293173
353 0.673958010655721
354 0.05153513044679706
355 3.9675782447773345
356 0.9150158702689141
357 1.291773052587621
358 1.41120946582973
359 1.341786148220057
360 0.5869534468473695
361 0.18181414831918422
362 0.6313469401393231
363 0.7998599252520106
364 1.1655956613811445
365 0.01883113598887548
366 0.8516665401819691
367 0.25421756519360095
368 1.6988139632030017
369 0.2678649263879909
370 2.4879033695692345
371 0.08170553116991444
372 2.5163849494728012
373 0.7299446146061073
374 1.1013213382659914
375 1.275491927564712
376 0.3751237200691691
377 1.4503898823803139
378 1.715071789223872
379 0.6276513955582096
380 0.365418722147635
381 0.3947930262725631
382 0.4350820301795218
383 1.5780928455216032
384 1.5193830533862984
385 2.1194532781436566
386 1.3383993102210807
387 0.7672282661341358
388 0.8371420555404047
389 0.976042921999077
390 2.719594089204731
391 1.392703861606892
392 1.7763565274908037
393 0.10243883457697098
394 1.5093288833678562
395 1.2035401586676526
396 0.5898027127960157
397 0.5515166896970768
398 2.2006669738289495
399 0.6909768439376535
400 3.334375547979949
401 2.3776976458821832
402 2.047324100386533
403 1.8791241410756623
404 0.2926112830382129
405 1.5175397330310127
406 1.5507577654752307
407 0.42861733340181263
408 2.2589843509628094
409 3.6023449880433116
410 0.07078762559098599
411 0.48628119933782804
412 3.6891082875681844
413 1.8375128208761282
414 1.4326644912892723
415 1.2700906726033963
416 1.2662128493310778
417 1.3055136540720031
418 2.4579065951908126
419 0.10987296886952093
420 1.756428877821015
421 0.4461491451994429
422 0.8429399379490262
423 1.846476008508572
424 2.406294641259721
425 1.1625095206879994
426 2.684274288098401
427 0.3116719362227895
428 0.5834624426517687
429 3.568166568923596
430 0.3904126382747984
431 1.3064312205829278
432 0.4530756509195246
433 0.5552563185993383
434 1.5692740626376327
435 2.164077577932267
436 0.3826222825681951
437 0.3445388598838547
438 1.034600525299402
439 0.7688784918304681
440 1.129421578107914
441 1.5253066659162307
442 1.6582904312654132
443 1.9356210687536954
444 0.2974467077298091
445 2.3215143543586034
446 1.899089089224717
447 1.0608830884452618
448 0.7239295237610727
449 0.7965343574873452
450 1.833796107347101
451 0.8313784774318923
452 0.8156803826865505
453 0.6598007725864555
454 3.616409421832864
455 0.4452393578765544
456 0.24313149518108385
457 0.4813271396842841
458 0.255562945758861
459 1.414598758254213
460 3.0494817030693406
461 0.8978159181618312
462 1.7321533419032304
463 1.767048652549195
464 2.8099213578374673
465 0.39040094500347294
466 0.7235124012191805
467 1.560538071341058
468 1.3645403327202794
469 0.8797297986834471
470 0.6091280719141579
471 0.7774534283276807
472 1.3084453141772887
473 0.14446503492133211
474 1.231356871282962
475 2.8812836032590097
476 1.9283572421028818
477 0.1362904307852281
478 0.9523774618923012
479 0.5581201824196175
480 1.4392972267742845
481 2.478939337734233
482 0.6298244921063578
483 0.739265272495618
484 0.40947809249090966
485 0.20671502083134038
486 0.6781676682441011
487 2.062948226174279
488 1.4693021289385404
489 0.5953464043557831
490 2.3672004214838065
491 0.07482057003384651
492 0.6917504989061435
493 0.2274964842645333
494 1.762648450127526
495 0.33578295831441907
496 0.025326389003042446
497 0.16865417792112591
498 1.2313638104353417
499 1.117145181938095
500 1.8492371238172347
501 0.46132445412108664
502 0.21315816921960667
503 2.102942082256728
504 2.694270838742331
505 2.60122496799372
506 1.4013948392254312
507 0.40600344065532734
508 0.9423981469143201
509 1.3005217394210227
510 1.5440955558785059
511 0.5970665359871832
512 0.466044982265527
513 0.24713494925144255
514 0.05478734548967576
515 1.9304333706694545
516 0.5532921212961435
517 0.15507105533616272
518 1.6420823554420352
519 1.7337903575187372
520 0.6025843890207871
521 1.7568947360277027
522 2.619027390217857
523 0.14393161981693264
524 1.107358933819431
525 0.7931725817977522
526 1.1113896724215455
527 0.1930460652470973
528 0.24285845020529048
529 0.8948286120278663
530 0.7967703735193832
531 2.336671365554858
532 1.3617784616857964
533 0.94014682139525
534 0.3024140603314065
535 0.8391281705984988
536 2.0105094963877534
537 0.22762957837322523
538 2.5480304350165857
539 3.591384469937996
540 1.7969575493727352
541 0.12148612283873397
542 1.4556946195406872
543 1.7496590767465516
544 1.3535308656190161
545 0.4761115782500365
546 0.19140616096923524
547 2.7473014165613403
548 1.9684579467094423
549 0.9887684030803918
550 0.7261321062624994
551 0.5597728592906329
552 0.6425988258911037
553 0.9366968558067084
554 0.24255932188678347
555 1.2844028112360588
556 1.733095488636125
557 1.260831297527307
558 0.8654948875303193
559 0.42327296316525465
560 0.3373968752914826
561 0.025263831848380807
562 0.7752188571237346
563 1.4453243534822364
564 1.1460705722821651
565 1.1076046524322278
566 0.9217643258128809
567 0.26792659739445623
568 0.3048916822762987
569 1.245233324891218
570 0.23437550158935427
571 0.30445250904704535
572 0.9228126664084261
573 1.8463716358899867
574 1.8818567742005416
575 2.6769673059248724
576 1.5129745979115898
577 0.7694175312380128
578 0.6500383965964918
579 0.6346566289849608
580 1.792249058663903
581 1.5642343591727412
582 1.11465313399975
583 1.0209164568671956
584 0.5888146436963538
585 0.6819737144293849
586 1.342225661479044
587 0.3382908105274614
588 0.9812755860432466
589 0.6975224311400493
590 1.120929437058797
591 0.03359451900359401
592 0.40624354447685473
593 0.44520528599206893
594 3.1820889863274937
595 0.6093469795049791
596 0.8033611124985723
597 1.3370310368115739
598 0.37404168800253934
599 0.1974673566091956
600 0.2527956275338896
601 4.831588914817339
602 2.8890000180991593
603 1.5133864376273354
604 1.0562634471015027
605 0.2789191379353366
606 0.898536307618675
607 1.5099028927377978
608 1.603412949161152
609 2.6522454343649486
610 0.9796141369332818
611 0.6381697306979386
612 0.0813602954033478
613 1.5209714850172635
614 0.8076315901648463
615 0.6439662288943248
616 2.9485278596458224
617 2.8117004344290795
618 0.7255497087021583
619 0.5475367272068178
620 0.989548465530866
621 0.9331293580394713
622 1.7687653437264284
623 1.8698982353911973
624 0.5848055873759223
625 2.384863132440752
626 0.2865754090710558
627 0.9658692972437883
628 0.7381834514621368
629 3.840849764907642
630 1.5347850837213906
631 0.9149583136168943
632 1.9275115073329046
633 0.9101272902720331
634 1.6972787391316786
635 0.6104863442871182
636 1.1748450574868825
637 0.20087196740428065
638 1.3591550705126412
639 0.35212471198405065
640 0.9848071036362059
641 1.847674470959936
642 0.5979921622251374
643 0.8036865296134315
644 1.4485819807318143
645 0.5157427380563684
646 0.9074855896581556
647 0.767211650823913
648 0.7344459618282644
649 0.24306225927053862
650 0.5586843928642163
651 0.9248126242308856
652 0.1338103413107397
653 2.151069447986662
654 0.6695543852033928
655 1.4089174736611734
656 0.42113918364850045
657 0.5066302828407583
658 0.3128998079850651
659 1.203723784930116
660 1.7896413428201872
661 0.07267255723509199
662 1.7133882391408162
663 0.2716381068237122
664 0.7707833239977372
665 0.9011210657544423
666 2.7173573393522905
667 0.2400845800715144
668 1.5015243134092575
669 2.5696316330054425
670 0.13593216497743627
671 1.0329529598386613
672 2.13085473758957
673 0.846445843807995
674 0.062145083691152826
675 0.5144358645744945
676 1.1263639273266242
677 0.22981468596427027
678 0.20317395440436983
679 1.773800198750658
680 1.7525646010035283
681 1.5812154360718775
682 0.9144562969808426
683 1.8000775442632242
684 0.06930786459547164
685 0.905129702824616
686 0.7652837471795683
687 0.3460254111240705
688 0.43933155785774974
689 2.847916996920416
690 0.9772158424829935
691 0.21845709528678753
692 0.8234310221166815
693 1.5586024433902714
694 0.6845104096908504
695 1.7359983755788502
696 0.5306034260438741
697 0.38758446340076325
698 2.546524292223772
699 1.0543860653475254
700 0.6749182216458138
701 0.8167725607218472
702 2.98022533504319
703 0.6693080660852524
704 0.5669787156195462
705 2.2884949356036586
706 0.3680537230201918
707 1.5030185231088145
708 0.05744716973812519
709 0.8229017395097781
710 0.7262090681511936
711 0.12968220144553413
712 1.3894276987097798
713 1.4113943262779671
714 1.826086162935599
715 0.5770927480938236
716 1.0741480812046633
717 1.0465495317334215
718 0.7539390624534483
719 2.966790827242809
720 0.07752769993491938
721 1.0677458401056341
722 1.0621519960694654
723 0.2654911235701202
724 1.8908976173637808
725 0.6554420375516911
726 0.2308192630256709
727 0.5824566873362508
728 0.3304490423011125
729 0.6315091142425028
730 2.8095128146440635
731 0.8440231138858654
732 2.509946466030315
733 0.4589276559335597
734 1.4276285132762925
735 0.9733352007048023
736 1.7623200778103647
737 1.781496062341984
738 0.31006547705683896
739 1.0376452670680258
740 1.2834005571393967
741 0.1467373026637155
742 0.08982467796250872
743 0.6451771828805717
744 0.5708463123774711
745 0.6679066003765789
746 2.394376283885541
747 2.4775911309816823
748 1.3541295436761538
749 1.8357721775901394
750 1.1806720981360619
751 1.36403824105261
752 0.3322470618938122
753 3.739054274783747
754 1.2542587862076315
755 1.7219479428566435
756 1.7081074732901713
757 0.30779341695532453
758 0.32993725009014313
759 2.7800240608817117
760 0.03359020092284081
761 1.4763687078754557
762 1.051044056109916
763 0.3943730656496227
764 0.3171588137723318
765 1.3460694523787922
766 0.37584515683020475
767 0.6985478950974403
768 2.023866987516043
769 3.5517042056295143
770 1.0493611767339124
771 1.6520491316098298
772 0.40220070487222437
773 2.941942008342335
774 0.44490618034884644
775 0.09914497065785273
776 2.603048632449169
777 0.07923747639533596
778 0.23921137697300293
779 1.9093327392568136
780 1.5448963847467754
781 0.12872504647849559
782 1.2802407315944146
783 1.0553626828733351
784 1.402599476910698
785 0.4356301700787622
786 0.6519606930624221
787 1.0471366347817948
788 3.2549434306410814
789 1.5272239619008543
790 0.9098395782277887
791 3.4107423567994872
792 3.182946092462737
793 0.10728675386798892
794 1.3646655803301966
795 0.6405044982753348
796 2.638335159918691
797 1.362711506190099
798 2.082906798919725
799 0.26688900182292685
800 1.7542265411965876
801 0.17726639405644198
802 1.1574337942816995
803 2.262921163068374
804 0.1870489766647637
805 1.0355594180760423
806 0.5913731406027852
807 1.8158736251545502
808 0.2876493166018455
809 2.860012931872369
810 0.8934850127978098
811 0.4592642879361774
812 0.09801843549301716
813 0.7524278005737254
814 0.2958252323265128
815 0.2661413714850515
816 2.6726156258037577
817 1.6804844242968122
818 0.0983711092813403
819 3.8509025288251744
820 0.2645514641485454
821 2.0769403657082366
822 1.3704744111547507
823 1.4349481535379518
824 1.1269778592179716
825 1.3363656018821968
826 3.2645059316540075
827 0.6263961176579135
828 0.42110814484647746
829 1.3413660185791705
830 0.06136977094594787
831 0.4933172418947193
832 0.9789905321766963
833 1.0366085014716158
834 1.6629315956762403
835 1.7610696986277796
836 0.722431971828554
837 1.424276881612061
838 2.663349136332327
839 1.1142648807565303
840 2.074819021896147
841 0.14339704790218188
842 1.6958674081800897
843 0.7254571529274043
844 0.8737712208139315
845 1.7714444749206613
846 0.9755368655644896
847 2.692057689576218
848 0.6207806509970678
849 0.646063495351271
850 0.8496362634752808
851 1.6152150744465654
852 0.340502122538723
853 1.4399150921340742
854 0.20478620808650938
855 0.5067004549456328
856 4.042012147239438
857 0.0959794087395523
858 0.7376021328871462
859 1.364503409901824
860 1.3477349529903804
861 0.2804505733070408
862 2.9154131434691393
863 0.3513351266697565
864 2.4442314301900847
865 2.4190037065395416
866 2.7651512999351087
867 0.6194006896652774
868 0.13943638646361986
869 0.02774926567878288
870 1.444206880864965
871 1.6496992122379825
872 0.19371998086082493
873 0.18395944521828303
874 0.878612834326243
875 0.9783272873248865
876 0.4738766667478155
877 0.15066409332868147
878 0.3583339388107879
879 0.4399669657104422
880 0.3430533317417818
881 3.6953831715991408
882 1.2956436429345852
883 1.659529355295118
884 1.3570905363889973
885 0.4361408145699981
886 1.2331011135141725
887 0.27886988404991786
888 2.303285779964588
889 1.6535815866466586
890 0.7019093370360251
891 0.8487292780241135
892 0.868856689245078
893 0.9305457982785589
894 0.5525005296529689
895 1.1861570596034945
896 0.6186888251368788
897 0.28094086615679054
898 0.885382961912962
899 1.501585482272219
900 0.9247585986739487
901 0.6126067608522717
902 0.26043599977408227
903 1.624595168319236
904 0.440265825142885
905 4.325050951476866
906 0.45011255889950275
907 0.014318335590564888
908 1.0259361097216106
909 1.6732262458758997
910 0.9794342619566937
911 0.3631971237097942
912 3.512252756527937
913 0.7651737786618544
914 0.963051212522652
915 2.8809301760704766
916 2.0742542443668346
917 2.0583463387133865
918 0.7759955755817423
919 1.2401452639273156
920 0.3657579428856029
921 4.554496192030575
922 1.1021595053504383
923 0.22112644947105906
924 1.336310716931303
925 1.1632647759911954
926 0.2988409884190921
927 0.33964250525142214
928 0.3280232028152479
929 0.8982953875567932
930 0.7158963023754725
931 0.04394709607323621
932 1.068567477893895
933 0.3902673292962433
934 0.5846570663603868
935 0.3909144632473515
936 0.30501286090473545
937 0.9312426338784823
938 0.1777521419472459
939 1.286165710485494
940 1.2563814872670163
941 1.2142533640709212
942 0.8370562677030594
943 0.7068886277853701
944 0.9365186158178372
945 0.14729544423040553
946 2.2419032773225345
947 0.22726231372015418
948 1.3031415258746937
949 1.718034217984581
950 5.406706356093975
951 1.2000172275422483
952 0.9314420840853623
953 0.40342904489100917
954 1.9075976807520374
955 1.1310609614336595
956 0.2303276950052994
957 3.522607121192237
958 0.6368159172335595
959 1.5852148770017576
960 0.20423770169966488
961 0.05146348087393491
962 1.3507377908234317
963 0.7156377278487668
964 1.8790316410221737
965 0.9285339801848473
966 0.42318256380139
967 0.9764447225121672
968 2.756142843003516
969 1.3967630526116404
970 1.18365428795603
971 1.1639490781634683
972 2.144293393985276
973 2.2259332929413804
974 1.697555049986593
975 1.2981526593895567
976 1.0729195096318258
977 0.14542530033854711
978 1.3821459761545283
979 0.3299611888597222
980 2.2530679645635185
981 0.933610990625604
982 0.8772688616222758
983 1.3585762692339947
984 2.3245612368581385
985 0.09285368100359004
986 0.7554193132705306
987 1.0508432291314085
988 1.300359325337132
989 1.6224062177625744
990 1.1877071875094023
991 1.5091131623130258
992 0.8728200701522624
993 0.5649654090448887
994 1.1106550834027036
995 0.30683931470797293
996 1.6736296134936839
997 0.6164958146263834
998 0.9093342267624696
999 0.3370957031112268
1000 1.47215404221016
