1 0.0008562864639213105
2 0.0011934488064107996
3 0.0007310202450528645
4 0.0013516742473396951
5 0.000782182484261528
6 0.0007043240569724109
7 0.0014093305420278036
8 0.0009869403255660372
9 0.0003208790006834697
10 0.001300431198527957
11 0.0011146018108437966
12 0.0004820689322010449
13 0.0009229521627763931
14 0.0008515043646267687
15 0.0006840672686489448
16 0.0010730499658815522
17 0.0009704564884372672
18 0.0013450145529437273
19 0.0005636695517977908
20 0.0008172707957062642
21 0.0006620116138201118
22 0.0005198278667326375
23 0.0005142913131374576
24 0.0013386649528265297
25 0.001617902750977784
26 0.001557782856384075
27 0.0013183580240433658
28 0.0006727783853305733
29 0.0002907143862904133
30 0.0018428292757419252
31 0.0006623688919677924
32 0.000779044749262048
33 0.0006775255973123665
34 0.001106058416695152
35 0.0007006306895780593
36 0.001688934236688097
37 0.0009110617516864287
38 0.0006971387169190905
39 0.0007408288698738058
40 0.0008721577260029262
41 0.0012235660608105512
42 0.0015803077818767187
43 0
44 0.0015096686598397018
45 0.0009119762687075442
46 0.0012110087703376773
47 0.001903474887134988
48 0.001006171111315076
49 0.0010287451634184708
50 0.0005908352673427036
51 0.0011909026911294564
52 0.001556159054432404
53 0.0021269256922097236
54 0.0012401565373656082
55 0.0006649466324185625
56 0.000505820696157513
57 0.0015535858906897551
58 0.0017832435231449001
59 0.0010595879570264493
60 0.0010724297084999399
61 0.0010884084190711746
62 0.0010444597834849824
63 0.001115538294467743
64 0.0014992251281639815
65 0.0006976200672630194
66 0.0009638379172373605
67 0.001531070277119346
68 0.0015782360497572988
69 0.0010262877406650574
70 0.0007242313712940118
71 0.0010989940006089587
72 0.0013252318059378094
73 0.0008080790236932314
74 0.001040060465895564
75 0.0014815377117365213
76 0.0012208487755213735
77 0.0008834457186572863
78 0.0005147545208019832
79 0.0008121452428810489
80 0.0010170764079280399
81 0.0010807408512655686
82 0.0019312730928229451
83 0.0012390316423261302
84 0.0009336656229168835
85 0.0006037261020746062
86 0.0008538407863722032
87 0.0012224488561667598
88 0.0012249562226647585
89 0.002055974154892388
90 0.0011493378806284441
91 0.0015891565347405639
92 0.0006071542193131039
93 0.0009515370325862071
94 0.0003635318721877131
95 0.00036427431118735636
96 0.0016914718198676084
97 0.0011687510265013907
98 0.0003937938249583937
99 0.0008885146783690054
100 0.0004089482659268952
101 0.0005805628248070555
102 0.0011289729534703032
103 0.0017129067615673042
104 0.0007284551517120699
105 0.0016811487445152142
106 0.0012088496709654788
107 0.0014486161067376094
108 0.00046382982707509425
109 0.0012781662927597599
110 0.0014817112403546228
111 0.0003944865023552549
112 0.000896224968775822
113 0.0010680430142832455
114 0.001836559177260032
115 0.0010950958654697132
116 0.0005764866956939857
117 0.001655840722607749
118 0.0007402514170282787
119 0.0010582414388374758
120 0.0013170940143244095
121 0.0012251779556958122
122 0.0009579403336646321
123 0.0009278559143710256
124 0.0009689098796879246
125 0.0011502263288917917
126 0.0009002427730552294
127 0.0008413446648952978
128 0.0015924809902269413
129 0.001788029868971125
130 0.0009960052782568747
131 0.0009206191268576424
132 0.00028681898795470024
133 0.0020394803901423275
134 0.000740663649348236
135 0.0004973971899456082
136 0.0009641971769776189
137 0.0015463495143967585
138 0.0007657013933588211
139 0.0006262831111709305
140 0.0010847655198616976
141 0.0004169030645295442
142 0.0011336507477608478
143 0.000638780399883086
144 0.0008484009812691496
145 0.0012005531381176348
146 0.000322701806690688
147 0.0008348371370298748
148 0.0005840559736295834
149 0.0012610080155906055
150 0.0003487732846053586
151 0.0015079177889486387
152 0.0011205436109483849
153 0.0012418169431974338
154 0.0007594271385042436
155 0.0015148828952563414
156 0.0011392809922705282
157 0.00015566356559785883
158 0.00116478596596482
159 0.0012334037669186953
160 0.0012761556475079702
161 0.0011531045968613683
162 0.0010623483379028824
163 0.0006554807761218893
164 0.0007273534166028357
165 0.0007558321905285802
166 0.0014471080862200874
167 0.0006842590466076947
168 0.0022559673334145275
169 0.0007196925020922882
170 0
171 0.0006661681706702715
172 0.0005524528606804984
173 0.0009009458442896456
174 0.0005371169204488801
175 0.0009238909757359803
176 7.73908532864458e-05
177 0.00091157858832638
178 0.0012882173943936889
179 0.0016080227638448467
180 0.0007455392126555982
181 0.00018322867003019362
182 0.0010228161264769701
183 0.0009893649648275735
184 0.0009328604300597946
185 0.0011591156331335491
186 0.0009500862169295015
187 0.0013516528786068605
188 0.0009083535451034896
189 0.0005579175790767515
190 0.0015135451327802512
191 0.00020719011798284718
192 0.0012924155627349622
193 0.0018330490958712903
194 0.0011466872441290388
195 0.0015009887022205577
196 0.000738683632584165
197 0.0012795081643727786
198 0.0003609680590420311
199 0.0010487311214178198
200 0.0007248491472645532
201 0.001158209006589249
202 0.0007066374741783525
203 0.0015480508950343177
204 0.0011785916211724684
205 0.001648158807979954
206 0.0009008310023614413
207 0.001074905150606094
208 0.0011083422319709247
209 0.00051200392609242
210 0.0011053701745880181
211 0.0007609710714095479
212 0.0009007337484449122
213 0.0010788983835869454
214 0.0006985250745059234
215 0.0011315052658108567
216 0.0009376625511318282
217 0.0010063711936227535
218 0.000710147244437541
219 0.0014918982107005093
220 0.001589035204355426
221 0.0009972281098311
222 0.00041234811613956334
223 0.0010251293890711634
224 0.00080188714612417
225 0.00034894860471993046
226 0.000846659238944173
227 0.0008401467781930483
228 0.0014353281065957405
229 0
230 0.0009217299827694324
231 0.0014465933950087142
232 0.0003916131518733551
233 0.0012281998387012735
234 0.0007744923397595361
235 0.0011853278153951437
236 0.0006370180647396015
237 0.0014254111844996318
238 0.0008653961001120009
239 0.0005113592384873248
240 0.0016630758944569458
241 0.000860465806710651
242 0.0003619039588392144
243 0.0007201639069741456
244 0.0011015686070132487
245 0.000640306910770639
246 0.0011196745273295981
247 0.0012664943025781415
248 0.0014363782243807168
249 0.001502057107396194
250 0.0012891764872040702
251 0.000758245012451839
252 0.0008186347997875737
253 0.0002221556972546039
254 0.0005437438728647504
255 0.0011004779425506917
256 0.0009375429418215619
257 0.0008366373858014319
258 0.0014124282086796453
259 0.0013234643317343627
260 0.00023773024808402746
261 0.0018008489845186704
262 0.0005950859551313863
263 0.0017039416317652066
264 0.000857752269665419
265 0.0018043009045631264
266 0.0007328381264147407
267 0.001498617114370247
268 0.0007403645496136874
269 0.0013228190826327327
270 0.00143160874909406
271 0.0002009354644101226
272 0.0005210584412673313
273 0.00042537734595954276
274 0.0011825450106856586
275 0.000528895774545266
276 0.0014438234888115428
277 0.0008879070451184918
278 0.001973755462923217
279 0.0008660443125033136
280 0.0004188861507088282
281 0.0008541366894446914
282 0.0012114474478024525
283 0.001375543401088155
284 1.9070101453907194e-05
285 0.0010227441079344547
286 0.0005645866920893675
287 0.0013545109788945648
288 0.0012102948751950037
289 0.0009164494112133799
290 0.0019989591127342493
291 0.0014749608972647028
292 0.0009143889546673846
293 0.0007533114072000672
294 0.00013536327536357021
295 0.0005934615987003727
296 0.0005056651597906002
297 0.0012093572953216605
298 0.0011195165141862757
299 0.0007035525244990892
300 0.0004564365626913173
301 0.0011376955768824873
302 0.0007647128641266338
303 0.0010568272104451344
304 0.001038847134245756
305 0.0017420942043204213
306 0.0009555075797448415
307 0.0008192560104128073
308 0.0005815726387979549
309 0.0013204428770922914
310 0.0003317240749295816
311 0.0008213396436259871
312 6.545734246376594e-05
313 0
314 0.0008497973228571421
315 0.0012159645286515476
316 0.0005790573253950651
317 0.0006267154489551073
318 0.0013944988688074553
319 0.0011544510736991014
320 0.0003940023142023834
321 0.0010918905593601724
322 0.00050217578794116
323 0.0007170307456397685
324 0.0005270637145117711
325 0.0020967388354816434
326 0.0010752752688954455
327 0.0012605524325597912
328 0.001451225324826718
329 0.0009223963078372521
330 0.0011646751411794893
331 0.0009726751666710495
332 0.0008479168252228435
333 0.0004809015916075014
334 0.0018760115435620763
335 0.0012799337350710956
336 0.0011656573556707436
337 0.0007774898297406052
338 0.0011825042059295345
339 0.0010087012948118243
340 0.0007579992599424455
341 0.00028531256888930537
342 0.0011664270919397514
343 0.00036183495652201356
344 0.0009960231090926474
345 0.0005389567090232232
346 0.00035144970613541386
347 0.0010485254049083278
348 0.0011000822764911636
349 0.0006502038622981753
350 0.000799626562643934
351 0.0005664493480151446
352 0.0004100455919201179
353 0.0015919272360117459
354 0.0014908749929490918
355 0.001117306009168842
356 0.001401826483199626
357 0.0016168435257604135
358 0.0004739736451841847
359 0.0007353304414386215
360 0.0015144497369044695
361 0.0007183853781266296
362 0.001200432233190482
363 0.0011633074639075534
364 0.00059496104983473
365 0.0011198151939285947
366 0.0011724663187106905
367 0.0010585177774908763
368 0.001304473045274112
369 0.0011542571451961072
370 0.001402559624240091
371 0.000796322045243383
372 0.0004681238055245241
373 0.0006541413140983056
374 0.0006582435835275868
375 0.0008012902427894033
376 0.001181820502519384
377 0.0011732189048537154
378 0.0013659945806649707
379 0.0016522636897772314
380 0.0003206156007081605
381 0.0005151537019218478
382 0.0008008906213982327
383 0.0012439519197377702
384 0.0014302398684864828
385 0.0018648803930068278
386 0.0006523008159572514
387 0.0017232754074539458
388 0.0010557138591940896
389 0.0008520448070080132
390 0.0014389708603743613
391 0.0011370602745404998
392 0.0010911999847967966
393 0.0014742543446794904
394 0.0004633180116132626
395 0.0007449935882332098
396 0.000871705969176961
397 0.000623446207448567
398 0.0006684973956472782
399 0.0006396394231211672
400 0.0010586581822281274
401 0.0013180512210434088
402 0.0017874464061724091
403 0.0006912831322303568
404 0.0007177091097980686
405 0.0010946436342483905
406 0.0006725595237906713
407 0.0010640279712054595
408 0.001467974749356976
409 0.000424164720085566
410 0.001145552557895932
411 0.0011186521493842998
412 0.000566710734545014
413 0.0005448787220469625
414 0.0009445093113631939
415 0.0012397499195011
416 0.0012876653035167667
417 0.0011555601080910386
418 0.0001162360442430051
419 0.0009392219679110963
420 0.0007044284640426644
421 0.0007284392827352695
422 0.0006370387653894229
423 0.0010551710340502075
424 0.0013297037052380498
425 0.0016101399740170992
426 0.0006145304881439502
427 0.0011715330927441739
428 0.0015828617787008812
429 0.0015045504605332991
430 0.00037885332505882926
431 0.00044148558045163866
432 0.0012202355519951753
433 0.0007086284639952406
434 0.0013376736886989422
435 0.00039583367839905536
436 0.0011488645364916925
437 0.00102443716955453
438 0.0016953866504401801
439 0.0004449567275881971
440 0.0010669155125334919
441 0.0008747433649559515
442 0.0010104665665211052
443 0.0007507382380982741
444 0.0013361285381322159
445 0.0014716924174168569
446 0.0016593949653773486
447 0.00020353558687038068
448 0.0011486507141645706
449 0.0008264802039633379
450 0.0011289344947067823
451 0.0015303552821935293
452 0.0018608659067022167
453 0.0013637547204902985
454 0.0011441718191124747
455 0.0011096697400101573
456 0.0008340763174573623
457 0.0016594127389827217
458 0.00033562334879130395
459 0.0010730779325346944
460 0.00145718148864973
461 0.0013546696005363264
462 0.001152774130097433
463 0.0012736720854882135
464 0.0009676829365335486
465 0.00020377280915535726
466 0.0007676933072697697
467 0.0014711714981446259
468 0.0011741346971181647
469 0.00046890943225543445
470 0.0005452650651302435
471 0.0010841950258838207
472 0.0012688298540541858
473 0.0005856131782570839
474 0.00011947053875606796
475 0.0006639746729756433
476 0.000989422455341605
477 0.001749234319214773
478 0.0015721240758228665
479 0.0005861144782901149
480 0.0005324001292582901
481 0.000879728210369277
482 0.0009812878447542
483 0.0008486121312583844
484 0.001305355052666423
485 0.0010593081837541364
486 0.0011756776074851886
487 0.0005807928403838804
488 0.0011464466802598174
489 0.0014491068455606273
490 0.0005169098751761666
491 0.0017717474194069902
492 0.0009420250543153125
493 0.0010962131276112525
494 0.0008350740285902328
495 0.0006069038474267591
496 0.0015008094118713331
497 0.0009980590498966319
498 0.001524416684184871
499 0.0010286490659792312
500 0.0007338992308149117
501 0.0009031229236169152
502 0.0017032107388541787
503 0.0007053769541153413
504 0.0012754670440881858
505 0.0006357565041778384
506 0
507 0.0018616631230402919
508 0.0010670424816870427
509 0.00125223212018183
510 0.0007675996309315194
511 0.0012997808559332984
512 0.0013078501581105604
513 0.0009156083830030925
514 0.0010905917413856557
515 0.0017005044598196037
516 0.0007689467648848491
517 0.0006863390394577464
518 0.0015783236789588737
519 0.0003936187376865649
520 0.001163053628783469
521 0.0013361718031268271
522 0.0015870226144544376
523 0.0008348611792077339
524 0.0013747093928094096
525 0.0004599904026368599
526 0.000695495089291882
527 0.0006796237617356408
528 0.0008296653109498521
529 0.0008941141680492423
530 0.0015010757436285064
531 0.0010563583238018474
532 0.0008922318316419453
533 0.0005476272585197176
534 0
535 0.0017496661208829547
536 0.0008996049493743029
537 0.0015861706579046412
538 0.001722233474405988
539 0.0012557406726449172
540 0.00046050681474924573
541 0.0015407188331104848
542 0.0011659325736923974
543 0.00139242376938293
544 0.0006968585505528966
545 0.00216580827824532
546 0.0009123496231897122
547 0.0013221460614357336
548 0.0010641317912366511
549 0.00040634633174211715
550 0.0010209112963763965
551 0.0009030999796758517
552 0.0005436256531222803
553 0.0012554702824056148
554 0.0013054582848876421
555 0.0006678471799619056
556 0.001028565552819743
557 0.0004913007172665208
558 0.0012325453184093204
559 0.001117568597116507
560 0.0006714912611472127
561 0.001175685193759983
562 0.0008184865859458228
563 0.0011944810098066952
564 0.001048694956447583
565 0.0006043388709740084
566 0.0018610209794790394
567 0.0009193754686758049
568 0.0006547831641035662
569 0.001277815155047149
570 0.0014893024601635833
571 0.00045279289011486944
572 0.001054052919358246
573 0.0005685800984419859
574 0.0010212934534423045
575 0.0009374078797653667
576 0.0007963944831217187
577 0.0015441575453601917
578 0
579 0.0011349596103203423
580 0.0009317064709591506
581 0.0016407465607330065
582 0.0006233373892807534
583 0.0013536361584887116
584 0.0003211267540100329
585 0.0012145465097688011
586 0.0012439197509147768
587 0.0007331030615492572
588 0.0016629718953321071
589 0.0012522787277539523
590 0.000314721024589486
591 0.0011557531181918587
592 0.0011789162431279207
593 0.0010113208695646107
594 0.00143268816772211
595 0.0005804973531443074
596 0.0008571089704471926
597 0.0008099271710752074
598 0.0011377357013701882
599 0.0008832936498332175
600 0.0011989221157296531
601 0.000939288570067927
602 0.0009372977800504347
603 0.0012959169534239637
604 0.0008032310941157781
605 0.0005594741408301808
606 0.0009453938204684941
607 0.0006248793826832683
608 0.0002540177244073516
609 0.0009401890405023128
610 0.0011833276637817263
611 0.0007474253273896796
612 0.0005182126659074036
613 0.0006329232995866431
614 0.0013146544541732662
615 0.001618200154141481
616 0.0003184342425962223
617 0.0009994345816783262
618 0.0008823042232504013
619 0.0011508513053540975
620 0.000932392872421784
621 0.000810556432426248
622 0.0009110482661010013
623 0.001356936213860613
624 0.0014085440350416513
625 0.0008816733224418133
626 0.0009619723527196394
627 0.001163744996779014
628 0.0008585371750563114
629 0.001738577201609424
630 0.0011937948101527892
631 0.0005719370020444231
632 0.0010194470121054353
633 0.0014300358669685296
634 0.0006340850833132325
635 0.00138629674679432
636 0.0011874128584348504
637 0.0008154109452783131
638 0.0011992630530082208
639 0.0011429228454992565
640 0.0001829752100418598
641 0.0014299846321925351
642 0.0006001627352533484
643 0.0013153473192536748
644 0.00044596506651894003
645 0.0008350737836029407
646 0.0003639113517651476
647 0.0015748717342026542
648 0.00014023869958143574
649 0.0009242371253158098
650 0.0005990142974409605
651 0.0012488918806583453
652 0.0011001071496957993
653 0.001033297388123204
654 0.0019441434547957947
655 0.0018980595240922075
656 0.001407790369681924
657 0.0005149159943174137
658 0.0009580285030518283
659 0.00038831189070829853
660 0.0009690837042630829
661 0.0005791115566119847
662 0.001108774417959803
663 0.0008139521561123172
664 0.0013185206452764082
665 0.0007105754436329014
666 0.0008543564238692826
667 8.305433223732486e-05
668 0.00014055220032281636
669 0.0018878600323452939
670 0.0005580645441347768
671 0.0017993108248429658
672 0.0008589045064276299
673 0.0008436328269208719
674 0.002063361076623856
675 0.001040755575258876
676 0.001535181355130207
677 0.0016151429414505056
678 0.001346902269378952
679 0.0008273941256917945
680 0.0005363539106686224
681 0.00127430448974811
682 0.0016339567089254372
683 0.0008957071052216193
684 0.001218508733035847
685 0.0014126962502727367
686 0.0005031840517281226
687 0.0010371511537360526
688 0.001609736596079542
689 0.0015847368234899383
690 0.0011561063522622528
691 0.0015207555586019847
692 0.001528744954508418
693 0.0008632849766286418
694 0.0009490001903267488
695 0.0014228423820686097
696 0.0003484837191167892
697 5.459824570216227e-05
698 0.002078980573429025
699 0.00034537942599320934
700 3.506613471416744e-05
701 0.0009129505598837692
702 0.0005292702644330462
703 0.0017475937657894663
704 0.0007712826671770256
705 0.0014801257862217727
706 0.0006683866913142391
707 0.0014198882574340975
708 0.0007604255162343298
709 0.0003601541886079334
710 0.0003421269865779225
711 0.001388922355792325
712 0.001335801180985861
713 0.0004726825858734018
714 0.00134334211125282
715 0.0011968104108504795
716 0.001378361486209776
717 0.0014566924421945235
718 0.0009330515527812279
719 0.0004047468539097997
720 0.0010932272088930999
721 0.0011554062421555147
722 0.0018498066783153959
723 0.0013308917040904074
724 0.0009500754690199171
725 0.0010980482350815477
726 0.0011182965754553392
727 0.0012845534700914876
728 0.0002746788298184133
729 0.0009414288387882056
730 6.886217912599962e-05
731 0.0007710838809071359
732 0.00011435773882609914
733 0.0006996895163565937
734 0.00011077410986088929
735 0.0004276951812391312
736 0.000976755639005516
737 0.0013962768070400109
738 0.0007263194862400276
739 0.001067274421128389
740 0.0012192928935571051
741 0.001275046595897948
742 0.001889083129359602
743 0.0008470702715396445
744 0.0011405775907206207
745 0.0009830409610233788
746 0.00024475662774373785
747 0.0005134603576864988
748 0.0009887145701536104
749 0.0011312411067865402
750 0.0017278579208188493
751 0.0009540564302821903
752 0.001157183850868065
753 0.0015614520420693912
754 0.0021567951239230155
755 0.0014827704873473044
756 0.0016397888786591126
757 0.00023532703601609974
758 0.0005118581922079434
759 0.0004667445739552495
760 0.0002792714554520119
761 0.0007653175631971557
762 0.0007658570803798119
763 0.001311759264006805
764 0.0007665348693331828
765 0.0013681595861380594
766 0.000628725140339441
767 0.0006272968732933928
768 0.000331774855951994
769 0.0012695489025322164
770 0.0005738403827397751
771 0.0008877384770713011
772 0.0006158053008151654
773 0.0010397251711918008
774 0.001206318091740294
775 0.0013738599157971834
776 0.00142000609399261
777 0.0007934172610040889
778 0.0011932801652759868
779 0.0013797620527956907
780 0.0008101915385214716
781 0.001302116134383569
782 0.0014852510279094767
783 0.0012471646225788537
784 0.0009675506718929545
785 0.0008939832559414854
786 0.0009788037824625736
787 0.0013781663666135166
788 0.0012598893391994378
789 0.000644573202409714
790 0.0010389418141273827
791 0.0005487439089601505
792 0.0007992870464200774
793 0.000914393045255488
794 0.0007977701443294043
795 0.001075844280120847
796 0.0013318752837073434
797 0.0015291079832959547
798 0.0013536405029244323
799 0.0015263316550912223
800 0.0007917742526576679
801 0.0008577728227443754
802 0.0008151572634649511
803 0.0009342786541942431
804 0.0016471264092299805
805 0.0018664432194423477
806 0.0013474018578529233
807 0.0011976718848690907
808 0.0019958281223411895
809 0.0008575600229599489
810 0.0002715260152499701
811 0.001024233917122547
812 0.0007669574311352296
813 0.0009745118997480311
814 0.0013782916452870194
815 0.0013573778945016124
816 0.0010121539159204408
817 0.0008203254101534505
818 0.0015419424689676255
819 0.0007111141442668428
820 0.0005461558055912848
821 0.000853976878699611
822 0.0008746306579056735
823 0.0009162524863686814
824 0.0011253325341258034
825 0.001145159645675897
826 0.0015159388452221953
827 0.0001555813700084519
828 0.001058899843970014
829 0.0012703404858435071
830 0.0007373981721170772
831 0.0009694617251307327
832 0.0009281976960360161
833 0.0010749941294288783
834 0.0010162949420825065
835 0.000458959629851506
836 0.00038776854248291404
837 0.0009546082128367263
838 0.00098628318959222
839 0.0005731450288232081
840 0.0008575855528015102
841 0.001042958307689432
842 0.0011161132239612655
843 0.0006726804605175497
844 0.0009778044167512016
845 0.001096141142667116
846 0.0014758931476299586
847 0.0010398069611469278
848 0.0007632315874408551
849 0.00043031409379606
850 0.0008627430685621295
851 0.0013120175584882075
852 0.0013296522212961359
853 0.0008137928610516402
854 0.0015149252328790846
855 0
856 0.0007037223440687445
857 0.001308575051872492
858 0.000831663291551325
859 0.0010807690283723083
860 0.00017539088230621256
861 0.001431566394628932
862 0.0003779864252601471
863 0.0009152881682664281
864 0.00068513624085855
865 0.0010867042760581039
866 0.0011642790467472762
867 0.0014311092002401544
868 0.00027808028435557527
869 0.00029665328437739166
870 0.0006154290900258541
871 0.0006154523602960112
872 0.0005447060608566012
873 0.0005398259722009427
874 0.0014916316970519333
875 0.0008745947974860983
876 0.0018402270496969705
877 0.0011382815838526686
878 0.0007965961997950641
879 0.001343885839466937
880 0.0010516956371769077
881 0.0014913215639434697
882 0.0008870852300790497
883 0.0012524525462891197
884 0.0014845024735168177
885 0.0015482094560976792
886 0.0009063203412344204
887 0.0008257494287863016
888 0.0019415993172686246
889 0.0013415094980907206
890 0.0009250229584951071
891 0.0016762543134666334
892 0.0008566503412523005
893 0.0016380487111149781
894 0.0009165871722047931
895 0.0015942641654853147
896 0.001160195209378793
897 0.0013752906383729061
898 0.001022344924729295
899 0.0006557329423385627
900 0.0013303091098960222
901 0.00028140143171974695
902 0.0014862539473666718
903 0.000484378534226365
904 0.0009943645475665977
905 0.0010309335976871092
906 0.0013338679447082024
907 0.0016418529208111535
908 0.00154850209141133
909 0.0009171785361079188
910 0.0015048554166189785
911 0.0005150417956670155
912 0.0012038754109074726
913 0.0013932878248386186
914 0.0009750049113199463
915 0.0005834295408541453
916 0.0010195507834024522
917 0.0013044033537879076
918 0.0008764241388328755
919 0.001205704927253651
920 0.000468783642523343
921 0.0009072721446192942
922 0.0009094912601479683
923 0.0010485781366329373
924 0.000961849276992346
925 0.001792242433021538
926 0.0017843985143561401
927 0.0010892416752491826
928 0.0010128030780048017
929 0.0014713958034423904
930 0.000371608460513017
931 0.0009017048723468183
932 0.000754906329799799
933 0.000755449710985374
934 0.0011411173309168908
935 0.0007427304245519914
936 0.001040254326373137
937 0.000828402906644744
938 0.0012738782243757645
939 0.0008102394816869741
940 0.0013965517897268943
941 0.00031288245929612864
942 0.0011153561608920864
943 0.0007803550528542589
944 0.001040046727325278
945 0.0007751448111975951
946 0.0011845313527419517
947 0.0009541970911955237
948 0.0019970939722413375
949 0.0006943967690150569
950 0.0012917555431974663
951 0.000794839289747526
952 0.00016443828048891664
953 0.0008063353632693939
954 0.0006297241674663163
955 0.0009350333584843987
956 0.0014477231289747637
957 0.0007823867511213304
958 0.0007174977572037697
959 0.0006984016124930819
960 0.0014671168887460293
961 0.0016403960022556984
962 0.0009407675604506599
963 0.0008149521867537032
964 0.000350356443388246
965 0.0011542267995707524
966 0.0017099873583758106
967 0.0011623653360645298
968 0.0012195283977164762
969 0.00108853561904741
970 0.000836843038391513
971 0.0008540031404553327
972 0.0009915425539900348
973 0.0010738549036338938
974 0.0001765964827982364
975 0.000553190149260524
976 0.0010523525538024589
977 0.0015089197188094192
978 0.0019298586862130436
979 0.0012148140624761545
980 0.0011557275963749408
981 0.0016538726459672918
982 0.001441501608171995
983 0.0003661540132604076
984 0.001133708313860557
985 0.0007119811041694864
986 0.00011031587622273465
987 0.00112454564244778
988 0.0005760229103547077
989 0.0003237132070330131
990 0.0009369374465861508
991 0.0009008861859016244
992 0.0012811813825877683
993 0.0008889287756816071
994 0.0006617397020289603
995 0.0007513347115662337
996 0.0001878865382123575
997 0.0009205684851432275
998 0.0010233127500562382
999 0.0010664720421974974
1000 0.0005966724467543123
